62 100 97 71 22 12 7 93 32 78 
44 96 33 29 78 45 99 93 46 29 
4 27 13 81 4 16 85 17 53 58 
11 31 81 25 33 4 27 16 47 40 
84 96 6 58 11 26 82 98 98 78 
20 39 72 55 62 29 98 0 55 83 
11 63 62 5 50 4 54 61 51 11 
25 99 8 9 83 67 78 18 14 34 
95 49 100 65 24 96 63 88 24 49 
71 7 84 81 23 29 40 35 64 62 
70 59 12 37 5 31 11 26 49 91 
90 45 45 92 57 89 96 62 12 7 
28 25 77 67 34 21 64 9 31 11 
42 71 9 66 68 49 84 50 31 90 
49 78 56 18 72 29 18 36 100 46 
4 20 20 28 86 21 56 98 0 54 
13 89 32 38 81 86 20 38 17 27 
5 56 100 94 2 80 14 99 5 49 
90 64 49 36 82 14 26 87 6 97 
31 8 89 61 20 56 49 2 24 52 
77 34 81 34 15 14 12 51 38 85 
44 15 9 13 98 32 35 69 71 40 
55 93 64 56 66 28 53 61 88 99 
42 70 48 72 24 87 86 22 10 18 
31 98 92 40 55 73 65 43 97 23 
86 32 60 31 45 6 45 75 28 4 
93 86 46 43 41 68 13 56 87 7 
16 25 9 39 56 15 45 28 72 17 
51 45 58 43 38 90 45 80 7 100 
58 48 40 7 3 84 80 95 49 4 
46 56 10 9 41 5 8 32 98 17 
14 63 41 70 90 43 50 44 87 86 
51 99 41 30 78 82 13 65 48 4 
14 79 72 68 79 43 78 7 94 17 
72 94 0 88 75 82 98 96 95 39 
30 93 26 87 15 89 65 96 41 56 
96 88 81 82 48 5 36 4 29 62 
88 11 56 15 36 18 94 94 66 0 
98 42 12 99 31 78 3 66 88 0 
37 15 79 23 72 47 81 52 57 88 
46 1 25 100 26 48 48 59 80 37 
75 59 91 96 66 78 2 37 67 75 
84 48 64 40 51 67 85 5 73 99 
41 46 12 56 41 65 73 64 23 39 
64 92 29 46 50 73 8 4 42 9 
6 61 27 24 87 45 8 83 72 44 
2 100 69 51 53 38 23 66 71 75 
30 98 17 40 59 11 41 93 14 86 
31 16 70 78 90 20 77 27 51 30 
1 39 68 45 90 100 53 0 24 28 
15 18 76 27 29 36 43 64 55 31 
64 100 84 65 94 95 63 14 95 2 
37 38 95 21 22 54 78 4 25 41 
93 45 21 80 87 76 98 8 68 35 
23 73 5 86 17 86 77 55 94 74 
34 22 19 39 50 37 84 72 18 42 
58 56 46 3 29 38 26 17 65 83 
72 75 71 51 7 24 36 44 57 49 
2 12 46 23 64 77 81 46 66 57 
89 77 32 63 54 63 12 91 88 34 
64 14 39 27 60 67 82 0 25 46 
1 39 26 91 78 36 31 41 51 60 
3 96 99 76 19 100 55 75 94 6 
31 77 41 48 1 43 42 0 77 98 
41 49 95 92 98 33 76 69 29 45 
23 12 92 46 70 39 12 83 46 82 
16 80 34 20 4 42 60 84 83 6 
22 57 22 76 45 15 90 28 12 36 
73 90 68 68 100 45 37 93 50 74 
57 63 92 80 35 60 82 68 63 96 
81 96 92 80 61 35 86 33 40 80 
96 92 90 2 65 61 39 46 0 57 
7 5 60 76 24 86 24 85 58 37 
8 88 89 73 79 21 12 93 62 28 
100 87 77 42 76 52 70 66 46 97 
99 35 27 40 12 10 18 3 6 54 
75 93 3 74 47 62 0 38 47 4 
78 75 46 21 21 41 76 3 15 47 
73 33 31 31 74 28 76 18 2 84 
45 79 33 21 8 72 40 82 57 46 
8 94 13 4 79 63 29 87 92 59 
6 1 45 73 93 73 21 49 53 73 
24 43 41 5 21 44 29 89 15 26 
18 38 18 70 52 83 78 97 100 67 
14 67 3 83 70 11 32 54 18 59 
82 39 48 94 32 46 50 67 44 74 
14 19 44 20 59 56 23 88 95 63 
49 95 34 82 15 86 43 69 35 51 
21 61 14 68 81 62 63 42 17 12 
82 4 49 21 72 65 19 57 100 96 
90 70 24 0 19 84 46 59 28 61 
6 34 51 19 41 60 32 6 71 39 
51 75 26 42 85 42 28 61 9 53 
56 25 69 55 50 1 90 25 100 25 
79 18 43 89 35 11 66 81 58 20 
65 57 33 21 86 85 16 22 65 80 
73 85 85 94 21 78 5 32 12 85 
92 63 77 91 7 15 81 4 63 32 
45 36 26 86 28 42 85 91 71 88 
46 10 38 33 32 2 56 92 46 22 
3844 10000 9409 5041 484 144 49 8649 1024 6084 
1936 9216 1089 841 6084 2025 9801 8649 2116 841 
16 729 169 6561 16 256 7225 289 2809 3364 
121 961 6561 625 1089 16 729 256 2209 1600 
7056 9216 36 3364 121 676 6724 9604 9604 6084 
400 1521 5184 3025 3844 841 9604 0 3025 6889 
121 3969 3844 25 2500 16 2916 3721 2601 121 
625 9801 64 81 6889 4489 6084 324 196 1156 
9025 2401 10000 4225 576 9216 3969 7744 576 2401 
5041 49 7056 6561 529 841 1600 1225 4096 3844 
4900 3481 144 1369 25 961 121 676 2401 8281 
8100 2025 2025 8464 3249 7921 9216 3844 144 49 
784 625 5929 4489 1156 441 4096 81 961 121 
1764 5041 81 4356 4624 2401 7056 2500 961 8100 
2401 6084 3136 324 5184 841 324 1296 10000 2116 
16 400 400 784 7396 441 3136 9604 0 2916 
169 7921 1024 1444 6561 7396 400 1444 289 729 
25 3136 10000 8836 4 6400 196 9801 25 2401 
8100 4096 2401 1296 6724 196 676 7569 36 9409 
961 64 7921 3721 400 3136 2401 4 576 2704 
5929 1156 6561 1156 225 196 144 2601 1444 7225 
1936 225 81 169 9604 1024 1225 4761 5041 1600 
3025 8649 4096 3136 4356 784 2809 3721 7744 9801 
1764 4900 2304 5184 576 7569 7396 484 100 324 
961 9604 8464 1600 3025 5329 4225 1849 9409 529 
7396 1024 3600 961 2025 36 2025 5625 784 16 
8649 7396 2116 1849 1681 4624 169 3136 7569 49 
256 625 81 1521 3136 225 2025 784 5184 289 
2601 2025 3364 1849 1444 8100 2025 6400 49 10000 
3364 2304 1600 49 9 7056 6400 9025 2401 16 
2116 3136 100 81 1681 25 64 1024 9604 289 
196 3969 1681 4900 8100 1849 2500 1936 7569 7396 
2601 9801 1681 900 6084 6724 169 4225 2304 16 
196 6241 5184 4624 6241 1849 6084 49 8836 289 
5184 8836 0 7744 5625 6724 9604 9216 9025 1521 
900 8649 676 7569 225 7921 4225 9216 1681 3136 
9216 7744 6561 6724 2304 25 1296 16 841 3844 
7744 121 3136 225 1296 324 8836 8836 4356 0 
9604 1764 144 9801 961 6084 9 4356 7744 0 
1369 225 6241 529 5184 2209 6561 2704 3249 7744 
2116 1 625 10000 676 2304 2304 3481 6400 1369 
5625 3481 8281 9216 4356 6084 4 1369 4489 5625 
7056 2304 4096 1600 2601 4489 7225 25 5329 9801 
1681 2116 144 3136 1681 4225 5329 4096 529 1521 
4096 8464 841 2116 2500 5329 64 16 1764 81 
36 3721 729 576 7569 2025 64 6889 5184 1936 
4 10000 4761 2601 2809 1444 529 4356 5041 5625 
900 9604 289 1600 3481 121 1681 8649 196 7396 
961 256 4900 6084 8100 400 5929 729 2601 900 
1 1521 4624 2025 8100 10000 2809 0 576 784 
225 324 5776 729 841 1296 1849 4096 3025 961 
4096 10000 7056 4225 8836 9025 3969 196 9025 4 
1369 1444 9025 441 484 2916 6084 16 625 1681 
8649 2025 441 6400 7569 5776 9604 64 4624 1225 
529 5329 25 7396 289 7396 5929 3025 8836 5476 
1156 484 361 1521 2500 1369 7056 5184 324 1764 
3364 3136 2116 9 841 1444 676 289 4225 6889 
5184 5625 5041 2601 49 576 1296 1936 3249 2401 
4 144 2116 529 4096 5929 6561 2116 4356 3249 
7921 5929 1024 3969 2916 3969 144 8281 7744 1156 
4096 196 1521 729 3600 4489 6724 0 625 2116 
1 1521 676 8281 6084 1296 961 1681 2601 3600 
9 9216 9801 5776 361 10000 3025 5625 8836 36 
961 5929 1681 2304 1 1849 1764 0 5929 9604 
1681 2401 9025 8464 9604 1089 5776 4761 841 2025 
529 144 8464 2116 4900 1521 144 6889 2116 6724 
256 6400 1156 400 16 1764 3600 7056 6889 36 
484 3249 484 5776 2025 225 8100 784 144 1296 
5329 8100 4624 4624 10000 2025 1369 8649 2500 5476 
3249 3969 8464 6400 1225 3600 6724 4624 3969 9216 
6561 9216 8464 6400 3721 1225 7396 1089 1600 6400 
9216 8464 8100 4 4225 3721 1521 2116 0 3249 
49 25 3600 5776 576 7396 576 7225 3364 1369 
64 7744 7921 5329 6241 441 144 8649 3844 784 
10000 7569 5929 1764 5776 2704 4900 4356 2116 9409 
9801 1225 729 1600 144 100 324 9 36 2916 
5625 8649 9 5476 2209 3844 0 1444 2209 16 
6084 5625 2116 441 441 1681 5776 9 225 2209 
5329 1089 961 961 5476 784 5776 324 4 7056 
2025 6241 1089 441 64 5184 1600 6724 3249 2116 
64 8836 169 16 6241 3969 841 7569 8464 3481 
36 1 2025 5329 8649 5329 441 2401 2809 5329 
576 1849 1681 25 441 1936 841 7921 225 676 
324 1444 324 4900 2704 6889 6084 9409 10000 4489 
196 4489 9 6889 4900 121 1024 2916 324 3481 
6724 1521 2304 8836 1024 2116 2500 4489 1936 5476 
196 361 1936 400 3481 3136 529 7744 9025 3969 
2401 9025 1156 6724 225 7396 1849 4761 1225 2601 
441 3721 196 4624 6561 3844 3969 1764 289 144 
6724 16 2401 441 5184 4225 361 3249 10000 9216 
8100 4900 576 0 361 7056 2116 3481 784 3721 
36 1156 2601 361 1681 3600 1024 36 5041 1521 
2601 5625 676 1764 7225 1764 784 3721 81 2809 
3136 625 4761 3025 2500 1 8100 625 10000 625 
6241 324 1849 7921 1225 121 4356 6561 3364 400 
4225 3249 1089 441 7396 7225 256 484 4225 6400 
5329 7225 7225 8836 441 6084 25 1024 144 7225 
8464 3969 5929 8281 49 225 6561 16 3969 1024 
2025 1296 676 7396 784 1764 7225 8281 5041 7744 
2116 100 1444 1089 1024 4 3136 8464 2116 484 
